-3.77475828372553e-15 -6.53650968885082 0.411501792690989 0.373588206411838 
9.99999999962142e-05 -6.53650557038245 0.468458209749653 0.399976536735873 
0.000199999999996425 -6.5365012363058 0.525401471097785 0.426347751935422 
0.000299999999996414 -6.53649668669785 0.582331575518898 0.452701861796312 
0.000399999999996403 -6.5364919216144 0.639248520209239 0.4790388750905 
0.000499999999996392 -6.53648694110745 0.696152302886891 0.50535880076384 
0.000599999999996381 -6.5364817452279 0.753042920892118 0.531661647623026 
0.000699999999996592 -6.53647633402608 0.809920371805312 0.557947424547992 
0.000799999999996581 -6.5364707075522 0.866784653047384 0.58421614036372 
0.00089999999999657 -6.53646486585632 0.923635762152438 0.610467803925106 
0.000999999999996559 -6.53645880898841 0.980473696581485 0.636702424058875 
0.00109999999999655 -6.53645253699844 1.03729845385295 0.662920009605401 
0.00119999999999654 -6.53644604993633 1.09411003145037 0.689120569388036 
0.00129999999999675 -6.53643934785204 1.15090842688845 0.715304112235992 
0.00139999999999674 -6.5364324307955 1.20769363766561 0.741470646967165 
0.00149999999999673 -6.53642529881661 1.26446566129823 0.767620182401092 
0.00159999999999672 -6.53641795196533 1.32122449529592 0.793752727349665 
0.0016999999999967 -6.53641039029162 1.37797013717903 0.81986829062379 
0.00179999999999692 -6.53640261384544 1.43470258446674 0.845966881027993 
0.0018999999999969 -6.53639462267671 1.49142183468481 0.872048507365198 
0.00199999999999689 -6.53638641683546 1.54812788536003 0.898113178432896 
0.00209999999999688 -6.5363779963716 1.60482073402499 0.924160903025868 
0.00219999999999687 -6.53636936133516 1.66150037821404 0.950191689934248 
0.00229999999999708 -6.53636051177615 1.7181668154659 0.976205547945032 
0.00239999999999707 -6.53635144774453 1.77482004332264 1.00220248584106 
0.00249999999999706 -6.53634216929035 1.83146005932982 1.02818251240144 
0.00259999999999705 -6.53633267646362 1.88808686103621 1.05414563640143 
0.00269999999999704 -6.53632296931437 1.9447004459945 1.08009186661267 
0.00279999999999703 -6.53631304789265 2.00130081176063 1.10602121180275 
0.00289999999999724 -6.53630291224851 2.05788795589384 1.13193368073567 
0.00299999999999723 -6.53629256243201 2.11446187595753 1.15782928217152 
0.00309999999999722 -6.53628199849322 2.17102256951775 1.18370802486676 
0.00319999999999721 -6.53627122048221 2.22757003414462 1.20956991757368 
0.00329999999999719 -6.53626022844908 2.28410426741127 1.23541496904124 
0.00339999999999741 -6.53624902244392 2.34062526689484 1.26124318801437 
0.00349999999999739 -6.53623760251685 2.39713303017576 1.28705458323419 
0.00359999999999738 -6.53622596871798 2.45362755483782 1.31284916343819 
0.00369999999999737 -6.53621412109742 2.51010883846799 1.3386269373598 
0.00379999999999736 -6.53620205970532 2.56657687865717 1.36438791372902 
0.00389999999999757 -6.5361897845918 2.62303167300017 1.39013210127182 
0.00399999999999756 -6.53617729580705 2.6794732190939 1.41585950871032 
0.00409999999999755 -6.53616459340121 2.73590151454011 1.44157014476305 
0.00419999999999754 -6.53615167742444 2.79231655694327 1.46726401814478 
0.00429999999999753 -6.53613854792694 2.84871834391181 1.49294113756641 
0.00439999999999774 -6.53612520495888 2.90510687305698 1.51860151173495 
0.00449999999999773 -6.53611164857047 2.961482141994 1.54424514935372 
0.00459999999999772 -6.53609787881193 3.01784414834146 1.56987205912247 
0.00469999999999771 -6.53608389573345 3.07419288972135 1.59548224973677 
0.00479999999999769 -6.53606969938525 3.13052836375912 1.62107572988876 
0.00489999999999768 -6.53605528981759 3.18685056808379 1.64665250826658 
0.0049999999999979 -6.53604066708069 3.24315950032772 1.6722125935549 
0.00509999999999788 -6.53602583122483 3.29945515812683 1.69775599443419 
0.00519999999999787 -6.53601078230023 3.35573753912035 1.72328271958138 
0.00529999999999786 -6.53599552035719 3.41200664095122 1.74879277766979 
0.00539999999999785 -6.53598004544599 3.46826246126562 1.77428617736865 
0.00549999999999806 -6.53596435761691 3.52450499771317 1.79976292734369 
0.00559999999999805 -6.53594845692023 3.58073424794718 1.8252230362565 
0.00569999999999804 -6.5359323434063 3.63695020962422 1.85066651276556 
0.00579999999999803 -6.53591601712537 3.69315288040423 1.87609336552479 
0.00589999999999802 -6.53589947812781 3.74934225795121 1.90150360318493 
0.00599999999999823 -6.53588272646394 3.80551833993154 1.92689723439281 
0.00609999999999822 -6.53586576218411 3.86168112401601 1.95227426779139 
0.00619999999999821 -6.53584858533866 3.91783060787826 1.97763471201989 
0.0062999999999982 -6.53583119597792 3.97396678919598 2.00297857571385 
0.00639999999999818 -6.53581359415232 4.03008966564969 2.02830586750505 
0.00649999999999817 -6.53579577991218 4.08619923492365 2.05361659602137 
0.00659999999999838 -6.53577775330792 4.14229549470566 2.07891076988717 
0.00669999999999837 -6.53575951438991 4.19837844268671 2.10418839772282 
0.00679999999999836 -6.53574106320856 4.2544480765614 2.12944948814514 
0.00689999999999835 -6.53572239981429 4.3105043940278 2.15469404976696 
0.00699999999999834 -6.53570352425752 4.36654739278735 2.17992209119758 
0.00709999999999855 -6.53568443658864 4.42257707054485 2.20513362104242 
0.00719999999999854 -6.53566513685817 4.47859342500861 2.23032864790324 
0.00729999999999853 -6.53564562511646 4.5345964538907 2.25550718037796 
0.00739999999999852 -6.53562590141403 4.59058615490591 2.28066922706073 
0.00749999999999851 -6.53560596580134 4.64656252577319 2.30581479654216 
0.00759999999999872 -6.53558581832881 4.7025255642146 2.33094389740885 
0.00769999999999871 -6.53556545904698 4.75847526795534 2.35605653824384 
0.0077999999999987 -6.5355448880063 4.81441163472498 2.38115272762623 
0.00789999999999869 -6.53552410525729 4.87033466225531 2.40623247413166 
0.00799999999999867 -6.53550311085044 4.92624434828241 2.43129578633176 
0.00809999999999889 -6.53548190483629 4.98214069054541 2.4563426727946 
0.00819999999999887 -6.53546048726534 5.03802368678715 2.48137314208425 
0.00829999999999886 -6.53543885818812 5.09389333475367 2.50638720276157 
0.00839999999999885 -6.53541701765519 5.14974963219437 2.53138486338307 
0.00849999999999884 -6.5353949657171 5.20559257686235 2.55636613250185 
0.00859999999999883 -6.53537270242435 5.26142216651398 2.58133101866723 
0.00869999999999904 -6.53535022782761 5.31723839890908 2.60627953042484 
0.00879999999999903 -6.53532754197739 5.37304127181073 2.63121167631641 
0.00889999999999902 -6.53530464492427 5.42883078298594 2.65612746488017 
0.00899999999999901 -6.53528153671883 5.48460693020442 2.68102690465036 
0.009099999999999 -6.53525821741174 5.54036971123975 2.70591000415773 
0.00919999999999921 -6.53523468705353 5.59611912386898 2.73077677192916 
0.0092999999999992 -6.53521094569485 5.65185516587221 2.75562721648779 
0.00939999999999919 -6.53518699338634 5.70757783503333 2.78046134635304 
0.00949999999999918 -6.53516283017861 5.76328712913952 2.80527917004063 
0.00959999999999916 -6.5351384561223 5.81898304598138 2.8300806960628 
0.00969999999999938 -6.5351138712681 5.87466558335286 2.85486593292755 
0.00979999999999936 -6.53508907566662 5.93033473905132 2.87963488913956 
0.00989999999999935 -6.53506406936855 5.98599051087769 2.9043875731996 
0.00999999999999934 -6.53503885242457 6.04163289663602 2.92912399360483 
0.0100999999999993 -6.53501342488536 6.09726189413402 2.95384415884865 
0.0101999999999995 -6.53498778680159 6.15287750118281 2.97854807742063 
0.0102999999999995 -6.53496193822401 6.20847971559678 3.00323575780688 
0.0103999999999995 -6.53493587920327 6.26406853519388 3.02790720848951 
0.0104999999999995 -6.53490960979014 6.31964395779517 3.05256243794694 
0.0105999999999995 -6.5348831300353 6.37520598122539 3.07720145465419 
0.0106999999999995 -6.53485643998952 6.43075460331275 3.1018242670822 
0.0107999999999997 -6.53482953970353 6.48628982188864 3.12643088369845 
0.0108999999999997 -6.53480242922808 6.5418116347877 3.15102131296643 
0.0109999999999997 -6.53477510861391 6.59732003984863 3.17559556334629 
0.0110999999999997 -6.53474757791182 6.65281503491275 3.20015364329408 
0.0111999999999997 -6.53471983717256 6.70829661782525 3.22469556126244 
0.0112999999999999 -6.53469188644694 6.76376478643463 3.24922132570022 
0.0113999999999999 -6.53466372578571 6.81921953859267 3.27373094505243 
0.0114999999999998 -6.5346353552397 6.87466087215488 3.29822442776056 
0.0115999999999998 -6.53460677485971 6.93008878497937 3.32270178226229 
0.0116999999999998 -6.53457798469656 6.98550327492852 3.3471630169915 
0.0118 -6.53454898480105 7.0409043398679 3.37160814037865 
0.0119 -6.53451977522404 7.09629197766617 3.39603716085031 
0.012 -6.53449035601636 7.15166618619529 3.42045008682926 
0.0121 -6.53446072722887 7.20702696333139 3.44484692673476 
0.0122 -6.5344308889124 7.2623743069529 3.46922768898231 
0.0123 -6.53440084111782 7.31770821494256 3.49359238198372 
0.0124000000000002 -6.53437058389604 7.37302868518593 3.51794101414707 
0.0125000000000002 -6.53434011729789 7.42833571557217 3.54227359387675 
0.0126000000000002 -6.53430944137428 7.48362930399401 3.5665901295735 
0.0127000000000002 -6.5342785561761 7.53890944834712 3.5908906296343 
0.0128000000000001 -6.53424746175426 7.59417614653087 3.61517510245246 
0.0129000000000004 -6.53421615815968 7.64942939644763 3.63944355641759 
0.0130000000000003 -6.53418464544326 7.7046691960039 3.66369599991578 
0.0131000000000003 -6.53415292365593 7.75989554310886 3.68793244132903 
0.0132000000000003 -6.53412099284865 7.81510843567537 3.71215288903612 
0.0133000000000003 -6.53408885307235 7.87030787161934 3.73635735141186 
0.0134000000000005 -6.53405650437797 7.92549384886059 3.76054583682733 
0.0135000000000005 -6.53402394681645 7.98066636532189 3.78471835365018 
0.0136000000000005 -6.53399118043885 8.03582541892964 3.80887491024423 
0.0137000000000005 -6.53395820529604 8.09097100761355 3.83301551496944 
0.0138000000000005 -6.53392502143903 8.14610312930622 3.85714017618242 
0.0139000000000007 -6.53389162891886 8.20122178194442 3.88124890223591 
0.0140000000000007 -6.53385802778649 8.25632696346788 3.90534170147906 
0.0141000000000007 -6.53382421809297 8.31141867181959 3.92941858225709 
0.0142000000000007 -6.53379019988916 8.36649690494595 3.95347955291177 
0.0143000000000006 -6.5337559732263 8.42156166079726 3.97752462178139 
0.0144000000000006 -6.53372153815525 8.47661293732614 4.00155379720015 
0.0145000000000008 -6.53368689472719 8.53165073248952 4.02556708749873 
0.0146000000000008 -6.53365204299303 8.58667504424719 4.04956450100422 
0.0147000000000008 -6.53361698300395 8.6416858705625 4.07354604603994 
0.0148000000000008 -6.53358171481084 8.6966832094022 4.09751173092561 
0.0149000000000008 -6.53354623846492 8.75166705873633 4.12146156397741 
0.015000000000001 -6.53351055401735 8.80663741653777 4.14539555350729 
0.015100000000001 -6.5334746615189 8.86159428078374 4.16931370782421 
0.015200000000001 -6.53343856102089 8.91653764945443 4.19321603523347 
0.015300000000001 -6.53340225257455 8.97146752053281 4.21710254403577 
0.015400000000001 -6.53336573623054 9.02638389200528 4.24097324252874 
0.0155000000000012 -6.53332901204038 9.08128676186331 4.26482813900724 
0.0156000000000012 -6.53329208005507 9.13617612809923 4.28866724176098 
0.0157000000000012 -6.53325494032573 9.19105198871078 4.31249055907732 
0.0158000000000011 -6.53321759290357 9.24591434169667 4.33629809923778 
0.0159000000000011 -6.53318003783963 9.30076318506223 4.36008987052362 
0.0160000000000011 -6.53314227518488 9.3555985168128 4.38386588120894 
0.0161000000000013 -6.53310430499092 9.41042033495923 4.40762613956676 
0.0162000000000013 -6.53306612730854 9.46522863751471 4.43137065386468 
0.0163000000000013 -6.53302774218935 9.52002342249715 4.45509943236858 
0.0164000000000013 -6.53298914968388 9.57480468792599 4.47881248333891 
0.0165000000000013 -6.532950349844 9.62957243182431 4.50250981503254 
0.0166000000000015 -6.53291134272043 9.6843266522202 4.52619143570415 
0.0167000000000015 -6.53287212836469 9.73906734714353 4.54985735360401 
0.0168000000000015 -6.53283270682763 9.79379451462677 4.57350757697705 
0.0169000000000015 -6.53279307816089 9.84850815270843 4.59714211406787 
0.0170000000000015 -6.53275324241535 9.90320825942745 4.62076097311422 
0.0171000000000017 -6.53271319964259 9.95789483282855 4.64436416235278 
0.0172000000000017 -6.53267294989338 10.012567870958 4.66795169001495 
0.0173000000000016 -6.53263249321946 10.0672273718659 4.69152356432864 
0.0174000000000016 -6.53259182967168 10.1218733336063 4.71507979351896 
0.0175000000000016 -6.53255095930172 10.1765057542358 4.73862038580665 
0.0176000000000018 -6.53250988216038 10.231124631815 4.76214534940892 
0.0177000000000018 -6.53246859829943 10.2857299644069 4.78565469253972 
0.0178000000000018 -6.53242710776986 10.3403217500787 4.80914842340849 
0.0179000000000018 -6.53238541062286 10.3948999869004 4.83262655022218 
0.0180000000000018 -6.53234350691009 10.449464672946 4.85608908118352 
0.0181000000000018 -6.53230139668252 10.5040158062915 4.87953602449064 
0.018200000000002 -6.53225907999159 10.5585533850176 4.90296738834007 
0.018300000000002 -6.53221655688869 10.613077407208 4.92638318092372 
0.018400000000002 -6.53217382742517 10.6675878709492 4.94978341042907 
0.018500000000002 -6.5321308916523 10.7220847743316 4.9731680850411 
0.0186000000000019 -6.53208774962141 10.7765681154486 4.99653721294102 
0.0187000000000022 -6.53204440138383 10.8310378923965 5.01989080230557 
0.0188000000000021 -6.53200084699082 10.8854941032756 5.04322886130837 
0.0189000000000021 -6.53195708649414 10.9399367461891 5.06655139811963 
0.0190000000000021 -6.53191311994458 10.9943658192445 5.08985842090612 
0.0191000000000021 -6.53186894739418 11.0487813205503 5.11314993782985 
0.0192000000000023 -6.53182456889387 11.1031832482221 5.13642595705144 
0.0193000000000023 -6.53177998449518 11.157571600374 5.15968648672453 
0.0194000000000023 -6.53173519424947 11.2119463751271 5.18293153500202 
0.0195000000000023 -6.5316901982082 11.2663075706054 5.20616111003304 
0.0196000000000023 -6.53164499642269 11.3206551849339 5.22937521996039 
0.0197000000000023 -6.53159958894451 11.3749892162432 5.25257387292612 
0.0198000000000025 -6.53155397582497 11.4293096626665 5.27575707706785 
0.0199000000000025 -6.53150815711565 11.4836165223402 5.29892484051916 
0.0200000000000025 -6.53146213286801 11.5379097934038 5.32207717141008 
0.0201000000000024 -6.53141590313339 11.5921894740012 5.34521407786803 
0.0202000000000024 -6.53136946796303 11.6464555622774 5.36833556801446 
0.0203000000000026 -6.53132282740877 11.700708056383 5.3914416499699 
0.0204000000000026 -6.53127598152192 11.75494695447 5.41453233184914 
0.0205000000000026 -6.5312289303539 11.8091722546958 5.43760762176527 
0.0206000000000026 -6.5311816739563 11.8633839552196 5.46066752782682 
0.0207000000000026 -6.53113421238087 11.9175820542039 5.4837120581379 
0.0208000000000028 -6.53108654567856 11.9717665498141 5.50674122079964 
0.0209000000000028 -6.53103867390122 12.0259374402206 5.52975502391042 
0.0210000000000028 -6.53099059710025 12.0800947235961 5.5527534755643 
0.0211000000000028 -6.53094231532719 12.1342383981168 5.57573658385224 
0.0212000000000028 -6.53089382863371 12.1883684619607 5.59870435685948 
0.021300000000003 -6.53084513707113 12.242484913311 5.62165680267027 
0.021400000000003 -6.5307962406911 12.2965877503542 5.64459392936466 
0.021500000000003 -6.53074713954535 12.3506769712779 5.66751574501761 
0.021600000000003 -6.53069783368499 12.4047525742762 5.69042225770271 
0.0217000000000029 -6.53064832316221 12.4588145575441 5.71331347548846 
0.0218000000000029 -6.53059860802781 12.5128629192796 5.73618940643947 
0.0219000000000031 -6.53054868833407 12.5668976576859 5.75905005861779 
0.0220000000000031 -6.53049856413202 12.6209187709686 5.78189544008194 
0.0221000000000031 -6.53044823547389 12.6749262573361 5.80472555888611 
0.0222000000000031 -6.53039770241063 12.7289201150013 5.82754042308145 
0.0223000000000031 -6.53034696499425 12.782900342178 5.85034004071438 
0.0224000000000033 -6.53029602327596 12.8368669370852 5.87312441982866 
0.0225000000000033 -6.53024487730773 12.8908198979459 5.89589356846529 
0.0226000000000033 -6.53019352714138 12.9447592229838 5.91864749465987 
0.0227000000000033 -6.53014197282787 12.9986849104287 5.94138620644618 
0.0228000000000033 -6.5300902144196 13.052596958511 5.96410971185264 
0.0229000000000035 -6.53003825196753 13.1064953654667 5.98681801890585 
0.0230000000000035 -6.52998608552369 13.1603801295329 6.00951113562689 
0.0231000000000035 -6.52993371513991 13.2142512489521 6.03218907003545 
0.0232000000000034 -6.52988114086724 13.2681087219688 6.05485183014614 
0.0233000000000034 -6.52982836275799 13.3219525468309 6.07749942397026 
0.0234000000000034 -6.5297753808635 13.3757827217893 6.10013185951541 
0.0235000000000036 -6.5297221952356 13.429599245099 6.12274914478593 
0.0236000000000036 -6.52966880592583 13.4834021150169 6.14535128778229 
0.0237000000000036 -6.52961521298602 13.5371913298054 6.16793829650228 
0.0238000000000036 -6.52956141646793 13.5909668877278 6.19051017893862 
0.0239000000000036 -6.52950741642299 13.6447287870524 6.21306694308207 
0.0240000000000038 -6.52945321290313 13.6984770260494 6.23560859691818 
0.0241000000000038 -6.5293988059599 13.7522116029929 6.25813514842998 
0.0242000000000038 -6.52934419564555 13.8059325161607 6.28064660559704 
0.0243000000000038 -6.52928938201118 13.8596397638326 6.30314297639427 
0.0244000000000038 -6.52923436510877 13.9133333442923 6.32562426879371 
0.024500000000004 -6.52917914499017 13.9670132558281 6.34809049076477 
0.024600000000004 -6.52912372170703 14.0206794967295 6.37054165027189 
0.0247000000000039 -6.52906809531111 14.0743320652903 6.39297775527653 
0.0248000000000039 -6.52901226585423 14.1279709598067 6.41539881373587 
0.0249000000000039 -6.5289562333881 14.1815961785792 6.43780483360457 
0.0250000000000041 -6.52889999796473 14.2352077199113 6.46019582283356 
0.0251000000000041 -6.52884355963563 14.2888055821083 6.48257178936862 
0.0252000000000041 -6.52878691845256 14.3423897634823 6.50493274115566 
0.0253000000000041 -6.52873007446771 14.3959602623439 6.52727868613231 
0.0254000000000041 -6.52867302773246 14.4495170770104 6.54960963223594 
0.0255000000000041 -6.52861577829871 14.5030602058019 6.57192558739995 
0.0256000000000043 -6.52855832621865 14.5565896470398 6.59422655955248 
0.0257000000000043 -6.52850067154364 14.6101053990508 6.61651255661994 
0.0258000000000043 -6.52844281432581 14.6636074601639 6.63878358652415 
0.0259000000000043 -6.52838475461681 14.7170958287123 6.66103965718464 
0.0260000000000042 -6.52832649246872 14.7705705030296 6.68328077651461 
0.0261000000000045 -6.52826802793315 14.8240314814569 6.7055069524275 
0.0262000000000044 -6.52820936106204 14.8774787623352 6.72771819283021 
0.0263000000000044 -6.52815049190732 14.9309123440095 6.74991450562686 
0.0264000000000044 -6.52809142052064 14.9843322248296 6.77209589871964 
0.0265000000000044 -6.52803214695426 15.0377384031458 6.79426238000415 
0.0266000000000046 -6.52797267125968 15.0911308773148 6.81641395737583 
0.0267000000000046 -6.52791299348914 15.1445096456932 6.83855063872358 
0.0268000000000046 -6.52785311369417 15.1978747066427 6.86067243193402 
0.0269000000000046 -6.52779303192708 15.2512260585291 6.8827793448916 
0.0270000000000046 -6.52773274823948 15.3045636997198 6.90487138547509 
0.0271000000000048 -6.52767226268328 15.3578876285851 6.92694856156001 
0.0272000000000048 -6.52761157531055 15.4111978435 6.94901088101939 
0.0273000000000048 -6.52755068617316 15.464494342842 6.97105835172211 
0.0274000000000048 -6.52748959532309 15.5177771249915 6.99309098153313 
0.0275000000000047 -6.52742830281229 15.5710461883325 7.01510877831479 
0.0276000000000047 -6.52736680869258 15.624301531253 7.03711174992564 
0.0277000000000049 -6.52730511301601 15.6775431521429 7.0590999042202 
0.0278000000000049 -6.52724321583434 15.7307710493949 7.08107324904916 
0.0279000000000049 -6.52718111719984 15.7839852214071 7.10303179226096 
0.0280000000000049 -6.5271188171644 15.8371856665783 7.12497554169904 
0.0281000000000049 -6.52705631577988 15.8903723833141 7.146904505206 
0.0282000000000051 -6.52699361309829 15.9435453700177 7.16881869061625 
0.0283000000000051 -6.52693070917187 15.996704625101 7.19071810576521 
0.0284000000000051 -6.52686760405215 16.0498501469762 7.2126027584823 
0.0285000000000051 -6.52680429779154 16.1029819340588 7.23447265659396 
0.0286000000000051 -6.52674079044179 16.1560999847687 7.25632780792335 
0.0287000000000053 -6.52667708205505 16.2092042975277 7.27816822028985 
0.0288000000000053 -6.52661317268309 16.2622948707616 7.29999390150918 
0.0289000000000053 -6.52654906237835 16.3153717029004 7.32180485939472 
0.0290000000000052 -6.52648475119268 16.3684347923745 7.34360110175436 
0.0291000000000052 -6.52642023917803 16.4214841376205 7.36538263639438 
0.0292000000000052 -6.52635552638669 16.4745197370753 7.38714947111544 
0.0293000000000054 -6.52629061287039 16.5275415891814 7.40890161371671 
0.0294000000000054 -6.52622549868129 16.5805496923835 7.43063907199284 
0.0295000000000054 -6.52616018387145 16.6335440451298 7.45236185373535 
0.0296000000000054 -6.52609466849304 16.686524645871 7.47406996673147 
0.0297000000000054 -6.52602895259794 16.7394914930618 7.4957634187661 
0.0298000000000056 -6.52596303623832 16.7924445851599 7.51744221761978 
0.0299000000000056 -6.52589691946634 16.8453839206254 7.53910637106943 
0.0300000000000056 -6.52583060233421 16.8983094979226 7.56075588688896 
0.0301000000000056 -6.52576408489374 16.9512213155195 7.58239077284948 
0.0302000000000056 -6.52569736719726 17.0041193718842 7.60401103671586 
0.0303000000000058 -6.52563044929644 17.0570036654917 7.62561668625254 
0.0304000000000058 -6.52556333124391 17.1098741948186 7.64720772921918 
0.0305000000000057 -6.52549601309165 17.1627309583441 7.66878417337144 
0.0306000000000057 -6.52542849489185 17.2155739545518 7.69034602646258 
0.0307000000000057 -6.52536077669621 17.2684031819275 7.71189329624146 
0.0308000000000059 -6.52529285855743 17.3212186389605 7.73342599045356 
0.0309000000000059 -6.52522474052723 17.3740203241434 7.75494411684105 
0.0310000000000059 -6.52515642265801 17.4268082359723 7.77644768314351 
0.0311000000000059 -6.52508790500179 17.4795823729456 7.79793669709527 
0.0312000000000059 -6.52501918761098 17.532342733565 7.81941116642763 
0.0313000000000059 -6.52495027053727 17.5850893163364 7.84087109886947 
0.0314000000000061 -6.52488115383304 17.637822119767 7.86231650214437 
0.0315000000000061 -6.52481183755084 17.6905411423713 7.88374738397627 
0.0316000000000061 -6.52474232174238 17.74324638266 7.90516375207933 
0.0317000000000061 -6.52467260646014 17.7959378391536 7.92656561416997 
0.031800000000006 -6.52460269175596 17.8486155103717 7.94795297795763 
0.0319000000000063 -6.5245325776823 17.9012793948399 7.96932585115084 
0.0320000000000062 -6.5244622642915 17.9539294910839 7.9906842414516 
0.0321000000000062 -6.52439175163539 18.0065657976356 8.01202815656166 
0.0322000000000062 -6.52432103976658 18.059188313028 8.03335760417718 
0.0323000000000062 -6.52425012873693 18.1117970357973 8.0546725919906 
0.0324000000000064 -6.52417901859881 18.1643919644846 8.07597312769265 
0.0325000000000064 -6.52410770940463 18.2169730976336 8.09725921897039 
0.0326000000000064 -6.52403620120634 18.2695404337877 8.11853087350406 
0.0327000000000064 -6.52396449405645 18.3220939714987 8.13978809897465 
0.0328000000000064 -6.52389258800695 18.3746337093191 8.1610309030582 
0.0329000000000064 -6.52382048311027 18.4271596458044 8.1822592934268 
0.0330000000000066 -6.52374817941865 18.479671779512 8.20347327774799 
0.0331000000000066 -6.52367567698439 18.5321701090064 8.22467286368937 
0.0332000000000066 -6.52360297585971 18.5846546328506 8.24585805891079 
0.0333000000000065 -6.52353007609675 18.637125349614 8.2670288710715 
0.0334000000000065 -6.52345697774789 18.6895822578679 8.28818530782682 
0.0335000000000067 -6.52338368086558 18.7420253561867 8.3093273768275 
0.0336000000000067 -6.52331018550187 18.7944546431487 8.33045508572222 
0.0337000000000067 -6.52323649170905 18.8468701173334 8.35156844215428 
0.0338000000000067 -6.5231625995396 18.8992717773258 8.37266745376575 
0.0339000000000067 -6.52308850904587 18.9516596217136 8.39375212819446 
0.0340000000000069 -6.52301422027994 19.0040336490859 8.41482247307341 
0.0341000000000069 -6.52293973329445 19.0563938580373 8.43587849603438 
0.0342000000000069 -6.52286504814137 19.1087402471629 8.45692020470333 
0.0343000000000069 -6.52279016487317 19.1610728150633 8.47794760670455 
0.0344000000000069 -6.52271508354213 19.2133915603407 8.49896070965795 
0.0345000000000071 -6.52263980420073 19.265696481602 8.51995952118098 
0.0346000000000071 -6.52256432690134 19.3179875774558 8.54094404888647 
0.0347000000000071 -6.52248865169611 19.3702648465141 8.56191430038424 
0.034800000000007 -6.52241277863767 19.4225282873923 8.58287028328075 
0.034900000000007 -6.52233670777804 19.4747778987099 8.60381200517942 
0.035000000000007 -6.52226043916964 19.5270136790865 8.62473947367836 
0.0351000000000072 -6.5221839728651 19.5792356271474 8.64565269637402 
0.0352000000000072 -6.52210730891679 19.631443741521 8.66655168085942 
0.0353000000000072 -6.52203044737682 19.6836380208391 8.68743643472432 
0.0354000000000072 -6.52195338829768 19.7358184637336 8.70830696555268 
0.0355000000000072 -6.52187613173188 19.7879850688429 8.72916328092727 
0.0356000000000074 -6.52179867773175 19.8401378348066 8.75000538842673 
0.0357000000000074 -6.52172102634983 19.8922767602694 8.77083329562709 
0.0358000000000074 -6.52164317763812 19.9444018438766 8.79164701009928 
0.0359000000000074 -6.52156513164947 19.996513084278 8.81244653941162 
0.0360000000000074 -6.52148688843579 20.0486104801269 8.83323189112958 
0.0361000000000076 -6.52140844805006 20.1006940300785 8.85400307281418 
0.0362000000000076 -6.52132981054459 20.1527637327925 8.87476009202392 
0.0363000000000075 -6.52125097597172 20.2048195869307 8.89550295631328 
0.0364000000000075 -6.52117194438365 20.256861591157 8.91623167323203 
0.0365000000000075 -6.52109271583327 20.3088897441418 8.93694625032985 
0.0366000000000075 -6.52101329037258 20.3609040445551 8.95764669514971 
0.0367000000000077 -6.52093366805454 20.4129044910724 8.9783330152333 
0.0368000000000077 -6.52085384893102 20.464891082369 8.99900521811606 
0.0369000000000077 -6.520773833055 20.5168638171279 9.01966331133388 
0.0370000000000077 -6.52069362047873 20.5688226940333 9.04030730241749 
0.0371000000000077 -6.52061321125465 20.6207677117697 9.06093719889185 
0.0372000000000079 -6.52053260543535 20.6726988690285 9.08155300828185 
0.0373000000000079 -6.52045180307318 20.7246161645028 9.10215473810764 
0.0374000000000079 -6.52037080422075 20.7765195968889 9.1227423958859 
0.0375000000000079 -6.52028960893034 20.8284091648856 9.14331598912997 
0.0376000000000078 -6.5202082172547 20.8802848671951 9.16387552534912 
0.0377000000000081 -6.52012662924649 20.9321467025229 9.18442101205005 
0.037800000000008 -6.52004484495775 20.983994669578 9.20495245673621 
0.037900000000008 -6.51996286444114 21.0358287670722 9.22546986690688 
0.038000000000008 -6.51988068774924 21.0876489937186 9.24597325005722 
0.038100000000008 -6.51979831493485 21.1394553482375 9.26646261368211 
0.0382000000000082 -6.51971574604999 21.1912478293479 9.28693796526911 
0.0383000000000082 -6.51963298114755 21.2430264357735 9.30739931230372 
0.0384000000000082 -6.51955002028011 21.2947911662434 9.32784666227036 
0.0385000000000082 -6.5194668634997 21.3465420194852 9.34828002264592 
0.0386000000000082 -6.51938351085955 21.3982789942348 9.36869940090796 
0.0387000000000082 -6.51929996241167 21.4500020892259 9.38910480452659 
0.0388000000000084 -6.51921621820901 21.5017113031999 9.40949624097259 
0.0389000000000084 -6.51913227830371 21.5534066348977 9.42987371770956 
0.0390000000000084 -6.51904814274873 21.605088083065 9.45023724219986 
0.0391000000000084 -6.51896381159642 21.6567556464517 9.47058682190274 
0.0392000000000083 -6.51887928489971 21.7084093238083 9.49092246427283 
0.0393000000000086 -6.51879456271073 21.7600491138898 9.51124417676167 
0.0394000000000085 -6.51870964508216 21.8116750154541 9.53155196681779 
0.0395000000000085 -6.51862453206665 21.8632870272613 9.55184584188512 
0.0396000000000085 -6.51853922371695 21.9148851480771 9.57212580940679 
0.0397000000000085 -6.51845372008529 21.9664693766662 9.59239187681878 
0.0398000000000087 -6.51836802122486 22.0180397118007 9.61264405155727 
0.0399000000000087 -6.5182821271875 22.0695961522527 9.63288234105315 
0.0400000000000087 -6.51819603802657 22.1211386967984 9.65310675273364 
0.0401000000000087 -6.51810975379432 22.1726673442171 9.67331729402344 
0.0402000000000087 -6.51802327454341 22.2241820932919 9.69351397234419 
0.0403000000000087 -6.5179366003264 22.2756829428068 9.71369679511211 
0.0404000000000089 -6.51784973119599 22.327169891551 9.73386576974231 
0.0405000000000089 -6.51776266720481 22.3786429383157 9.75402090364515 
0.0406000000000089 -6.51767540840533 22.4301020818957 9.77416220422831 
0.0407000000000088 -6.51758795485061 22.4815473210889 9.79428967889606 
0.0408000000000088 -6.51750030659308 22.5329786546947 9.81440333504773 
0.040900000000009 -6.51741246368537 22.5843960815179 9.83450318008158 
0.041000000000009 -6.51732442618007 22.6357996003648 9.85458922139117 
0.041100000000009 -6.51723619412979 22.6871892100459 9.87466146636712 
0.041200000000009 -6.51714776758761 22.7385649093728 9.89471992239554 
0.041300000000009 -6.51705914660579 22.7899266971626 9.91476459686124 
0.0414000000000092 -6.51697033123718 22.8412745722337 9.93479549714362 
0.0415000000000092 -6.51688132153444 22.892608533408 9.95481263061985 
0.0416000000000092 -6.51679211755017 22.9439285795102 9.97481600466275 
0.0417000000000092 -6.51670271933721 22.9952347093692 9.99480562664309 
0.0418000000000092 -6.51661312694795 23.0465269218153 10.014781503927 
0.0419000000000094 -6.51652334043566 23.0978052156827 10.0347436438779 
0.0420000000000094 -6.51643335985254 23.1490695898097 10.0546920538561 
0.0421000000000094 -6.51634318525138 23.2003200430352 10.0746267412176 
0.0422000000000093 -6.51625281668507 23.2515565742024 10.0945477133151 
0.0423000000000093 -6.51616225420623 23.302779182158 10.114454977499 
0.0424000000000093 -6.51607149786744 23.3539878657522 10.1343485411158 
0.0425000000000095 -6.51598054772187 23.405182623836 10.1542284115078 
0.0426000000000095 -6.51588940382183 23.4563634552656 10.1740945960152 
0.0427000000000095 -6.51579806622002 23.5075303588984 10.1939471019732 
0.0428000000000095 -6.51570653496936 23.5586833335963 10.2137859367152 
0.0429000000000095 -6.5156148101226 23.6098223782246 10.2336111075714 
0.0430000000000097 -6.51552289173269 23.6609474916502 10.2534226218672 
0.0431000000000097 -6.51543077985176 23.7120586727427 10.2732204869247 
0.0432000000000097 -6.51533847453321 23.763155920377 10.2930047100644 
0.0433000000000097 -6.51524597582962 23.8142392334288 10.3127752986012 
0.0434000000000097 -6.51515328379337 23.8653086107779 10.3325322598484 
0.0435000000000099 -6.51506039847787 23.9163640513072 10.3522756011151 
0.0436000000000099 -6.51496731993546 23.9674055539022 10.3720053297072 
0.0437000000000098 -6.51487404821888 24.0184331174507 10.3917214529264 
0.0438000000000098 -6.51478058338108 24.069446740845 10.4114239780724 
0.0439000000000098 -6.51468692547486 24.1204464229807 10.4311129124418 
0.04400000000001 -6.51459307455301 24.1714321627534 10.4507882633252 
0.04410000000001 -6.51449903066832 24.2224039590648 10.4704500380125 
0.04420000000001 -6.51440479387365 24.2733618108194 10.4900982437899 
0.04430000000001 -6.51431036422155 24.3243057169222 10.5097328879386 
0.04440000000001 -6.51421574176498 24.3752356762849 10.5293539777389 
0.04450000000001 -6.51412092655677 24.4261516878179 10.5489615204645 
0.0446000000000102 -6.51402591864955 24.477053750438 10.5685555233887 
0.0447000000000102 -6.51393071809664 24.5279418630653 10.5881359937813 
0.0448000000000102 -6.51383532495022 24.5788160246194 10.6077029389061 
0.0449000000000102 -6.5137397392636 24.6296762340252 10.6272563660254 
0.0450000000000101 -6.51364396108959 24.6805224902116 10.6467962823992 
0.0451000000000104 -6.51354799048053 24.7313547921091 10.6663226952822 
0.0452000000000103 -6.5134518274898 24.7821731386508 10.6858356119267 
0.0453000000000103 -6.51335547217005 24.832977528774 10.7053350395811 
0.0454000000000103 -6.51325892457412 24.8837679614168 10.7248209854903 
0.0455000000000103 -6.51316218475495 24.9345444355241 10.7442934568975 
0.0456000000000105 -6.51306525276533 24.98530695004 10.7637524610406 
0.0457000000000105 -6.51296812865785 25.0360555039143 10.7831980051554 
0.0458000000000105 -6.51287081248577 25.0867900960978 10.8026300964734 
0.0459000000000105 -6.5127733043019 25.1375107255465 10.8220487422244 
0.0460000000000105 -6.51267560415913 25.188217391216 10.8414539496318 
0.0461000000000105 -6.51257771211001 25.2389100920683 10.8608457259189 
0.0462000000000107 -6.51247962820764 25.2895888270663 10.8802240783037 
0.0463000000000107 -6.51238135250508 25.3402535951774 10.8995890140021 
0.0464000000000107 -6.51228288505487 25.3909043953717 10.9189405402264 
0.0465000000000106 -6.51218422591018 25.4415412266197 10.9382786641836 
0.0466000000000106 -6.5120853751239 25.4921640878978 10.9576033930798 
0.0467000000000108 -6.51198633274878 25.5427729781853 10.9769147341172 
0.0468000000000108 -6.5118870988376 25.5933678964631 10.9962126944942 
0.0469000000000108 -6.5117876734437 25.643948841715 11.0154972814054 
0.0470000000000108 -6.51168805661959 25.6945158129302 11.0347685020443 
0.0471000000000108 -6.51158824841828 25.7450688090974 11.054026363598 
0.047200000000011 -6.51148824889287 25.7956078292115 11.0732708732529 
0.047300000000011 -6.51138805809607 25.8461328722677 11.0925020381902 
0.047400000000011 -6.51128767608107 25.8966439372651 11.111719865588 
0.047500000000011 -6.51118710290032 25.9471410232071 11.1309243626227 
0.047600000000011 -6.51108633860723 25.9976241290978 11.1501155364653 
0.0477000000000112 -6.51098538325447 26.0480932539473 11.1692933942859 
0.0478000000000112 -6.51088423689533 26.0985483967647 11.1884579432482 
0.0479000000000112 -6.51078289958233 26.1489895565659 11.2076091905152 
0.0480000000000111 -6.51068137136848 26.1994167323658 11.2267471432441 
0.0481000000000111 -6.51057965230691 26.2498299231868 11.2458718085921 
0.0482000000000111 -6.51047774245061 26.3002291280507 11.2649831937101 
0.0483000000000113 -6.51037564185226 26.3506143459836 11.2840813057471 
0.0484000000000113 -6.51027335056495 26.4009855760151 11.3031661518486 
0.0485000000000113 -6.51017086864201 26.4513428171764 11.3222377391566 
0.0486000000000113 -6.51006819613596 26.5016860685024 11.3412960748093 
0.0487000000000113 -6.50996533309982 26.552015329031 11.3603411659425 
0.0488000000000115 -6.5098622795867 26.6023305978036 11.3793730196887 
0.0489000000000115 -6.50975903564956 26.652631873863 11.3983916431763 
0.0490000000000115 -6.50965560134127 26.7029191562562 11.4173970435305 
0.0491000000000115 -6.50955197671491 26.7531924440338 11.4363892278746 
0.0492000000000115 -6.50944816182356 26.8034517362471 11.4553682033265 
0.0493000000000117 -6.50934415672029 26.8536970319509 11.4743339770009 
0.0494000000000117 -6.50923996145772 26.9039283302066 11.4932865560129 
0.0495000000000116 -6.5091355760892 26.9541456300725 11.5122259474683 
0.0496000000000116 -6.50903100066762 27.0043489306145 11.5311521584746 
0.0497000000000116 -6.50892623524606 27.0545382308989 11.5500651961332 
0.0498000000000116 -6.50882127987736 27.1047135299979 11.5689650675444 
0.0499000000000118 -6.50871613461465 27.1548748269817 11.5878517798019 
0.0500000000000118 -6.50861079951093 27.2050221209291 11.6067253400002 
0.0501000000000118 -6.50850527461915 27.2551554109184 11.6255857552277 
0.0502000000000118 -6.50839955999251 27.3052746960303 11.6444330325695 
0.0503000000000118 -6.50829365568398 27.3553799753511 11.6632671791088 
0.050400000000012 -6.50818756174672 27.4054712479688 11.6820882019255 
0.050500000000012 -6.50808127823344 27.455548512972 11.7008961080935 
0.050600000000012 -6.50797480519744 27.5056117694574 11.7196909046881 
0.050700000000012 -6.50786814269154 27.5556610165191 11.7384725987763 
0.0508000000000119 -6.50776129076917 27.6056962532579 11.7572411974253 
0.0509000000000122 -6.50765424948284 27.6557174787759 11.7759967076976 
0.0510000000000121 -6.50754701888625 27.7057246921792 11.7947391366534 
0.0511000000000121 -6.50743959903182 27.755717892575 11.8134684913478 
0.0512000000000121 -6.50733198997314 27.8056970790754 11.8321847788344 
0.0513000000000121 -6.50722419176313 27.8556622507938 11.8508880061623 
0.0514000000000123 -6.50711620445442 27.9056134068473 11.8695781803777 
0.0515000000000123 -6.50700802810085 27.955550546357 11.8882553085248 
0.0516000000000123 -6.50689966275482 28.0054736684443 11.9069193976419 
0.0517000000000123 -6.50679110846989 28.0553827722366 11.9255704547668 
0.0518000000000123 -6.50668236529878 28.1052778568617 11.9442084869319 
0.0519000000000123 -6.50657343329475 28.155158921451 11.962833501167 
0.0520000000000125 -6.50646431251096 28.205025965139 11.9814455044987 
0.0521000000000125 -6.50635500300041 28.2548789870641 12.0000445039511 
0.0522000000000125 -6.50624550481635 28.3047179863668 12.0186305065442 
0.0523000000000124 -6.50613581801155 28.3545429621892 12.037203519294 
0.0524000000000124 -6.50602594263906 28.4043539136776 12.055763549214 
0.0525000000000126 -6.50591587875247 28.4541508399819 12.0743106033152 
0.0526000000000126 -6.50580562640485 28.503933740254 12.0928446886046 
0.0527000000000126 -6.50569518564875 28.5537026136478 12.111365812085 
0.0528000000000126 -6.50558455653772 28.6034574593223 12.1298739807575 
0.0529000000000126 -6.50547373912481 28.6531982764378 12.1483692016193 
0.0530000000000128 -6.50536273346328 28.7029250641574 12.1668514816637 
0.0531000000000128 -6.50525153960592 28.7526378216479 12.1853208278819 
0.0532000000000128 -6.50514015760606 28.8023365480795 12.2037772472615 
0.0533000000000128 -6.50502858751698 28.8520212426231 12.2222207467857 
0.0534000000000128 -6.50491682939148 28.9016919044554 12.2406513334363 
0.0535000000000128 -6.50480488328299 28.9513485327522 12.2590690141894 
0.053600000000013 -6.5046927492442 29.0009911266963 12.2774737960206 
0.053700000000013 -6.50458042732892 29.0506196854714 12.2958656859007 
0.0538000000000129 -6.50446791758981 29.1002342082642 12.3142446907973 
0.0539000000000129 -6.5043552200801 29.1498346942636 12.332610817675 
0.0540000000000129 -6.50424233485334 29.1994211426631 12.3509640734951 
0.0541000000000131 -6.504129261962 29.2489935526572 12.3693044652155 
0.0542000000000131 -6.50401600145978 29.2985519234442 12.3876319997906 
0.0543000000000131 -6.50390255339956 29.3480962542259 12.4059466841724 
0.0544000000000131 -6.50378891783475 29.3976265442057 12.4242485253088 
0.0545000000000131 -6.50367509481827 29.447142792591 12.4425375301448 
0.0546000000000133 -6.50356108440313 29.496644998592 12.4608137056229 
0.0547000000000133 -6.50344688664312 29.5461331614205 12.4790770586807 
0.0548000000000133 -6.50333250159103 29.5956072802915 12.4973275962529 
0.0549000000000133 -6.50321792929981 29.6450673544255 12.5155653252732 
0.0550000000000133 -6.50310316982331 29.6945133830416 12.5337902526687 
0.0551000000000135 -6.50298822321396 29.7439453653648 12.5520023853656 
0.0552000000000135 -6.50287308952551 29.7933633006225 12.5702017302859 
0.0553000000000134 -6.50275776881092 29.8427671880443 12.5883882943489 
0.0554000000000134 -6.50264226112336 29.8921570268636 12.6065620844707 
0.0555000000000134 -6.5025265665159 29.9415328163141 12.6247231075622 
0.0556000000000134 -6.5024106850422 29.9908945556364 12.6428713705342 
0.0557000000000136 -6.50229461675508 30.0402422440713 12.6610068802926 
0.0558000000000136 -6.50217836170773 30.0895758808621 12.6791296437394 
0.0559000000000136 -6.50206191995378 30.1388954652566 12.6972396677745 
0.0560000000000136 -6.50194529154572 30.1882009965054 12.7153369592947 
0.0561000000000136 -6.50182847653758 30.2374924738598 12.7334215251921 
0.0562000000000138 -6.50171147498204 30.2867698965764 12.7514933723574 
0.0563000000000138 -6.50159428693247 30.3360332639136 12.7695525076766 
0.0564000000000138 -6.501476912442 30.3852825751331 12.7875989380338 
0.0565000000000138 -6.50135935156389 30.4345178294982 12.8056326703081 
0.0566000000000138 -6.50124160435163 30.4837390262765 12.8236537113769 
0.056700000000014 -6.50112367085815 30.532946164738 12.8416620681141 
0.056800000000014 -6.50100555113663 30.5821392441555 12.8596577473901 
0.0569000000000139 -6.50088724524072 30.6313182638041 12.8776407560715 
0.0570000000000139 -6.50076875322325 30.6804832229638 12.8956111010238 
0.0571000000000139 -6.50065007513756 30.7296341209137 12.9135687891057 
0.0572000000000139 -6.50053121103714 30.7787709569394 12.9315138271762 
0.0573000000000141 -6.50041216097491 30.8278937303275 12.949446222089 
0.0574000000000141 -6.50029292500444 30.8770024403678 12.9673659806953 
0.0575000000000141 -6.50017350317853 30.9260970863529 12.9852731098432 
0.0576000000000141 -6.50005389555093 30.9751776675784 13.0031676163768 
0.0577000000000141 -6.49993410217435 31.0242441833422 13.0210495071377 
0.0578000000000143 -6.49981412310272 31.0732966329469 13.038918788965 
0.0579000000000143 -6.49969395838894 31.1223350156951 13.0567754686925 
0.0580000000000143 -6.49957360808606 31.1713593308936 13.074619553152 
0.0581000000000143 -6.49945307224784 31.2203695778537 13.0924510491735 
0.0582000000000142 -6.49933235092708 31.2693657558864 13.1102699635811 
0.0583000000000145 -6.49921144417748 31.3183478643071 13.1280763031967 
0.0584000000000144 -6.49909035205206 31.3673159024349 13.1458700748401 
0.0585000000000144 -6.49896907460403 31.4162698695901 13.1636512853268 
0.0586000000000144 -6.49884761188699 31.465209765097 13.1814199414691 
0.0587000000000144 -6.49872596395381 31.5141355882809 13.1991760500756 
0.0588000000000146 -6.49860413085815 31.563047338473 13.2169196179535 
0.0589000000000146 -6.49848211265307 31.6119450150057 13.2346506519059 
0.0590000000000146 -6.49835990939214 31.6608286172123 13.2523691587311 
0.0591000000000146 -6.4982375211284 31.7096981444325 13.2700751452269 
0.0592000000000146 -6.49811494791518 31.7585535960058 13.2877686181857 
0.0593000000000146 -6.49799218980571 31.8073949712762 13.3054495843976 
0.0594000000000148 -6.49786924685349 31.8562222695906 13.3231180506501 
0.0595000000000148 -6.49774611911178 31.905035490298 13.3407740237267 
0.0596000000000148 -6.49762280663352 31.9538346327495 13.3584175104069 
0.0597000000000147 -6.49749930947263 32.0026196963007 13.3760485174689 
0.0598000000000147 -6.49737562768208 32.0513906803095 13.3936670516865 
0.0599000000000149 -6.49725176131534 32.1001475841356 13.4112731198307 
0.0600000000000149 -6.49712771042551 32.1488904071432 13.4288667286694 
0.0601000000000149 -6.4970034750661 32.1976191486972 13.4464478849663 
0.0602000000000149 -6.49687905529013 32.2463338081674 13.4640165954833 
0.0603000000000149 -6.4967544511514 32.2950343849253 13.4815728669788 
0.0604000000000151 -6.49662966270279 32.3437208783452 13.499116706207 
0.0605000000000151 -6.4965046899981 32.3923932878041 13.5166481199197 
0.0606000000000151 -6.4963795330903 32.4410516126825 13.5341671148657 
0.0607000000000151 -6.49625419203264 32.4896958523626 13.5516736977901 
0.0608000000000151 -6.49612866687877 32.5383260062309 13.5691678754351 
0.0609000000000151 -6.49600295768186 32.5869420736758 13.5866496545403 
0.0610000000000153 -6.4958770644953 32.6355440540882 13.6041190418408 
0.0611000000000153 -6.49575098737253 32.6841319468615 13.6215760440686 
0.0612000000000152 -6.49562472636668 32.7327057513939 13.6390206679547 
0.0613000000000152 -6.49549828153101 32.7812654670848 13.6564529202246 
0.0614000000000152 -6.49537165291947 32.8298110933356 13.6738728076008 
0.0615000000000154 -6.49524484058476 32.8783426295514 13.6912803368033 
0.0616000000000154 -6.49511784458041 32.9268600751418 13.7086755145495 
0.0617000000000154 -6.49499066496013 32.9753634295166 13.7260583475528 
0.0618000000000154 -6.4948633017768 33.0238526920898 13.7434288425236 
0.0619000000000154 -6.49473575508389 33.0723278622762 13.7607870061677 
0.0620000000000156 -6.49460802493494 33.1207889394972 13.7781328451911 
0.0621000000000156 -6.49448011138338 33.169235923173 13.7954663662932 
0.0622000000000156 -6.4943520144823 33.2176688127293 13.8127875761726 
0.0623000000000156 -6.49422373428526 33.2660876075926 13.8300964815228 
0.0624000000000156 -6.49409527084559 33.3144923071932 13.8473930890354 
0.0625000000000158 -6.49396662421642 33.3628829109656 13.8646774053996 
0.0626000000000158 -6.49383779445175 33.4112594183443 13.8819494372991 
0.0627000000000157 -6.49370878160428 33.4596218287672 13.8992091914157 
0.0628000000000157 -6.49357958572774 33.5079701416781 13.9164566744298 
0.0629000000000157 -6.4934502068754 33.5563043565183 13.9336918930147 
0.0630000000000157 -6.49332064510078 33.6046244727364 13.9509148538439 
0.0631000000000159 -6.49319090045724 33.6529304897814 13.9681255635861 
0.0632000000000159 -6.49306097299813 33.7012224071054 13.9853240289072 
0.0633000000000159 -6.49293086277666 33.7495002241644 14.0025102564708 
0.0634000000000159 -6.49280056984656 33.7977639404157 14.0196842529359 
0.0635000000000159 -6.4926700942611 33.8460135553201 14.0368460249592 
0.0636000000000161 -6.4925394360734 33.894249068342 14.0539955791946 
0.0637000000000161 -6.49240859533737 33.9424704789461 14.0711329222913 
0.0638000000000161 -6.49227757210592 33.9906777866019 14.0882580608969 
0.0639000000000161 -6.49214636643267 34.0388709907809 14.105371001655 
0.064000000000016 -6.49201497837136 34.087050090958 14.1224717512066 
0.0641000000000163 -6.49188340797473 34.1352150866102 14.1395603161893 
0.0642000000000162 -6.49175165529665 34.1833659772174 14.1566367032371 
0.0643000000000162 -6.49161972039047 34.2315027622629 14.1737009189822 
0.0644000000000162 -6.49148760330927 34.2796254412314 14.1907529700521 
0.0645000000000162 -6.49135530410703 34.3277340136118 14.2077928630721 
0.0646000000000164 -6.49122282283689 34.3758284788952 14.2248206046642 
0.0647000000000164 -6.49109015955217 34.4239088365739 14.2418362014462 
0.0648000000000164 -6.49095731430636 34.471975086146 14.2588396600346 
0.0649000000000164 -6.4908242871529 34.5200272271095 14.2758309870413 
0.0650000000000164 -6.4906910781454 34.5680652589672 14.2928101890758 
0.0651000000000164 -6.49055768733683 34.6160891812243 14.3097772727449 
0.0652000000000166 -6.49042411478107 34.6640989933867 14.3267322446505 
0.0653000000000166 -6.49029036053153 34.7120946949651 14.3436751113925 
0.0654000000000166 -6.49015642464119 34.7600762854723 14.3606058795681 
0.0655000000000165 -6.49002230716404 34.8080437644243 14.3775245557707 
0.0656000000000165 -6.48988800815294 34.8559971313398 14.394431146591 
0.0657000000000167 -6.48975352766191 34.903936385739 14.411325658616 
0.0658000000000167 -6.48961886574409 34.9518615271464 14.4282080984301 
0.0659000000000167 -6.48948402245307 34.9997725550887 14.4450784726145 
0.0660000000000167 -6.48934899784219 35.0476694690946 14.4619367877468 
0.0661000000000167 -6.4892137919648 35.0955522686968 14.4787830504021 
0.0662000000000169 -6.48907840487451 35.1434209534288 14.4956172671513 
0.0663000000000169 -6.48894283662463 35.1912755228296 14.5124394445641 
0.0664000000000169 -6.48880708726873 35.239115976438 14.5292495892045 
0.0665000000000169 -6.48867115686024 35.2869423137982 14.5460477076361 
0.0666000000000169 -6.48853504545276 35.3347545344549 14.5628338064175 
0.0667000000000169 -6.48839875309932 35.3825526379574 14.5796078921051 
0.0668000000000171 -6.48826227985373 35.4303366238548 14.5963699712502 
0.0669000000000171 -6.4881256257694 35.4781064917037 14.6131200504052 
0.067000000000017 -6.48798879089998 35.5258622410586 14.6298581361147 
0.067100000000017 -6.48785177529839 35.5736038714792 14.6465842349231 
0.067200000000017 -6.48771457901864 35.6213313825281 14.6632983533711 
0.0673000000000172 -6.48757720211383 35.6690447737688 14.6800004979951 
0.0674000000000172 -6.48743964463749 35.7167440447689 14.6966906753297 
0.0675000000000172 -6.48730190664315 35.7644291950995 14.7133688919066 
0.0676000000000172 -6.48716398818462 35.8121002243324 14.7300351542528 
0.0677000000000172 -6.4870258893147 35.8597571320423 14.7466894688931 
0.0678000000000174 -6.48688761008739 35.9073999178097 14.7633318423505 
0.0679000000000174 -6.48674915055597 35.9550285812135 14.7799622811425 
0.0680000000000174 -6.48661051077418 36.0026431218384 14.7965807917852 
0.0681000000000174 -6.48647169079503 36.0502435392696 14.8131873807902 
0.0682000000000174 -6.48633269067224 36.0978298330977 14.8297820546682 
0.0683000000000176 -6.48619351045913 36.1454020029117 14.8463648199234 
0.0684000000000176 -6.48605415020967 36.1929600483094 14.862935683061 
0.0685000000000175 -6.48591460997688 36.2405039688857 14.8794946505799 
0.0686000000000175 -6.48577488981428 36.2880337642403 14.8960417289768 
0.0687000000000175 -6.48563498977563 36.3355494339766 14.9125769247458 
0.0688000000000175 -6.48549490991435 36.3830509776996 14.929100244378 
0.0689000000000177 -6.48535465028369 36.4305383950169 14.9456116943605 
0.0690000000000177 -6.48521421093712 36.478011685538 14.9621112811769 
0.0691000000000177 -6.48507359192857 36.5254708488781 14.9785990113103 
0.0692000000000177 -6.48493279331122 36.572915884652 14.9950748912382 
0.0693000000000177 -6.48479181513874 36.6203467924782 15.0115389274354 
0.0694000000000179 -6.48465065746436 36.6677635719788 15.0279911263748 
0.0695000000000179 -6.48450932034163 36.715166222776 15.0444314945239 
0.0696000000000179 -6.4843678038244 36.7625547444985 15.0608600383506 
0.0697000000000179 -6.48422610796589 36.8099291367746 15.0772767643165 
0.0698000000000178 -6.48408423281944 36.8572893992366 15.0936816788816 
0.0699000000000181 -6.48394217843889 36.9046355315185 15.1100747885022 
0.070000000000018 -6.48379994487769 36.9519675332582 15.1264560996322 
0.070100000000018 -6.48365753218915 36.9992854040958 15.1428256187223 
0.070200000000018 -6.48351494042713 37.0465891436743 15.1591833522194 
0.070300000000018 -6.48337216964466 37.0938787516383 15.1755293065679 
0.070400000000018 -6.48322921989562 37.1411542276355 15.1918634882087 
0.0705000000000182 -6.48308609123346 37.1884155713182 15.2081859035808 
0.0706000000000182 -6.4829427837117 37.2356627823384 15.2244965591183 
0.0707000000000182 -6.48279929738381 37.282895860352 15.2407954612531 
0.0708000000000182 -6.48265563230306 37.3301148050194 15.2570826164153 
0.0709000000000182 -6.48251178852342 37.377319616 15.2733580310293 
0.0710000000000184 -6.48236776609826 37.4245102929592 15.2896217115187 
0.0711000000000184 -6.48222356508114 37.4716868355626 15.3058736643025 
0.0712000000000184 -6.48207918552537 37.5188492434804 15.3221138957976 
0.0713000000000183 -6.48193462748462 37.5659975163846 15.3383424124177 
0.0714000000000183 -6.48178989101234 37.6131316539496 15.3545592205731 
0.0715000000000185 -6.48164497616209 37.6602516558528 15.3707643266709 
0.0716000000000185 -6.48149988298771 37.707357521773 15.3869577371146 
0.0717000000000185 -6.48135461154215 37.7544492513951 15.4031394583074 
0.0718000000000185 -6.48120916187932 37.8015268444026 15.4193094966456 
0.0719000000000185 -6.48106353405279 37.8485903004843 15.4354678585251 
0.0720000000000187 -6.48091772811604 37.8956396193308 15.4516145503381 
0.0721000000000187 -6.48077174412227 37.9426748006341 15.4677495784723 
0.0722000000000187 -6.4806255821253 37.9896958440909 15.4838729493145 
0.0723000000000187 -6.48047924217902 38.0367027494008 15.499984669248 
0.0724000000000187 -6.48033272433618 38.0836955162634 15.5160847446514 
0.0725000000000187 -6.48018602865101 38.1306741443832 15.532173181902 
0.0726000000000189 -6.4800391551767 38.177638633467 15.5482499873735 
0.0727000000000189 -6.47989210396688 38.2245889832229 15.564315167436 
0.0728000000000188 -6.479744875075 38.2715251933631 15.5803687284573 
0.0729000000000188 -6.47959746855491 38.3184472636018 15.5964106768016 
0.0730000000000188 -6.47944988445977 38.3653551936565 15.6124410188304 
0.073100000000019 -6.47930212284321 38.4122489832464 15.6284597609019 
0.073200000000019 -6.47915418375904 38.4591286320936 15.6444669093715 
0.073300000000019 -6.47900606726062 38.5059941399236 15.6604624705914 
0.073400000000019 -6.47885777340132 38.5528455064637 15.6764464509108 
0.073500000000019 -6.47870930223503 38.5996827314437 15.6924188566757 
0.0736000000000192 -6.47856065381533 38.6465058145961 15.7083796942288 
0.0737000000000192 -6.47841182819526 38.6933147556581 15.7243289699113 
0.0738000000000192 -6.47826282542901 38.7401095543652 15.7402666900584 
0.0739000000000192 -6.4781136455695 38.7868902104596 15.7561928610054 
0.0740000000000192 -6.47796428867081 38.8336567236846 15.7721074890826 
0.0741000000000192 -6.47781475478644 38.8804090937861 15.7880105806183 
0.0742000000000194 -6.47766504396957 38.9271473205117 15.8039021419363 
0.0743000000000194 -6.4775151562741 38.973871403613 15.8197821793589 
0.0744000000000193 -6.47736509175341 39.0205813428449 15.8356506992055 
0.0745000000000193 -6.47721485046115 39.0672771379617 15.8515077077902 
0.0746000000000193 -6.47706443245106 39.1139587887239 15.8673532114268 
0.0747000000000195 -6.47691383777628 39.1606262948922 15.8831872164243 
0.0748000000000195 -6.47676306649072 39.2072796562315 15.8990097290895 
0.0749000000000195 -6.47661211864779 39.2539188725083 15.9148207557257 
0.0750000000000195 -6.47646099430094 39.3005439434919 15.9306203026334 
0.0751000000000195 -6.47630969350406 39.3471548689544 15.94640837611 
0.0752000000000197 -6.47615821631064 39.3937516486713 15.9621849824506 
0.0753000000000197 -6.47600656277389 39.4403342824182 15.9779501279448 
0.0754000000000197 -6.47585473294793 39.4869027699769 15.9937038188833 
0.0755000000000197 -6.47570272688573 39.5334571111276 16.0094460615492 
0.0756000000000197 -6.47555054464149 39.579997305657 16.0251768622258 
0.0757000000000199 -6.4753981862682 39.6265233533519 16.0408962271921 
0.0758000000000199 -6.47524565181992 39.6730352540042 16.0566041627253 
0.0759000000000198 -6.47509294134987 39.7195330074045 16.072300675097 
0.0760000000000198 -6.47494005491178 39.7660166133493 16.0879857705781 
0.0761000000000198 -6.47478699255909 39.8124860716362 16.1036594554353 
0.0762000000000198 -6.4746337543454 39.8589413820671 16.1193217359339 
0.07630000000002 -6.47448034032457 39.9053825444435 16.1349726183335 
0.07640000000002 -6.4743267505498 39.9518095585724 16.1506121088931 
0.07650000000002 -6.47417298507502 39.9982224242618 16.1662402138676 
0.07660000000002 -6.47401904395357 40.0446211413227 16.1818569395089 
0.07670000000002 -6.4738649272391 40.0910057095676 16.1974622920653 
0.0768000000000202 -6.47371063498499 40.1373761288153 16.2130562777843 
0.0769000000000202 -6.47355616724521 40.1837323988816 16.2286389029074 
0.0770000000000202 -6.47340152407285 40.2300745195891 16.2442101736752 
0.0771000000000202 -6.47324670552212 40.2764024907632 16.2597700963256 
0.0772000000000201 -6.47309171164591 40.3227163122281 16.2753186770911 
0.0773000000000204 -6.47293654249842 40.3690159838135 16.2908559222029 
0.0774000000000203 -6.4727811981327 40.4153015053517 16.3063818378895 
0.0775000000000203 -6.4726256786029 40.4615728766766 16.3218964303756 
0.0776000000000203 -6.47246998396201 40.5078300976242 16.3373997058823 
0.0777000000000203 -6.47231411426408 40.5540731680344 16.3528916706292 
0.0778000000000203 -6.47215806956257 40.6003020877499 16.3683723308327 
0.0779000000000205 -6.47200184991069 40.6465168566135 16.3838416927043 
0.0780000000000205 -6.47184545536251 40.6927174744744 16.3992997624554 
0.0781000000000205 -6.4716888859715 40.7389039411807 16.4147465462919 
0.0782000000000205 -6.47153214179141 40.785076256585 16.4301820504179 
0.0783000000000205 -6.4713752228753 40.8312344205419 16.4456062810341 
0.0784000000000207 -6.47121812927732 40.8773784329094 16.4610192443388 
0.0785000000000207 -6.47106086105055 40.9235082935465 16.4764209465263 
0.0786000000000207 -6.47090341824906 40.9696240023166 16.4918113937894 
0.0787000000000206 -6.47074580092612 41.0157255590832 16.5071905923155 
0.0788000000000206 -6.47058800913542 41.0618129637154 16.5225585482918 
0.0789000000000208 -6.47043004293062 41.1078862160827 16.5379152679006 
0.0790000000000208 -6.47027190236521 41.1539453160581 16.5532607573223 
0.0791000000000208 -6.47011358749291 41.199990263516 16.5685950227328 
0.0792000000000208 -6.46995509836732 41.2460210583358 16.5839180703073 
0.0793000000000208 -6.46979643504181 41.2920377003954 16.5992299062153 
0.079400000000021 -6.4696375975701 41.3380401895801 16.6145305366259 
0.079500000000021 -6.46947858600583 41.3840285257735 16.629819967703 
0.079600000000021 -6.46931940040253 41.4300027088655 16.6450982056102 
0.079700000000021 -6.46916004081377 41.4759627387447 16.6603652565047 
0.079800000000021 -6.46900050729342 41.5219086153052 16.6756211265433 
0.079900000000021 -6.46884079989468 41.5678403384419 16.6908658218787 
0.0800000000000212 -6.46868091867131 41.613757908054 16.7060993486613 
0.0801000000000212 -6.468520863677 41.6596613240419 16.7213217130381 
0.0802000000000211 -6.46836063496523 41.7055505863085 16.736532921153 
0.0803000000000211 -6.46820023258962 41.7514256947595 16.751732979147 
0.0804000000000211 -6.46803965660399 41.7972866493037 16.7669218931584 
0.0805000000000213 -6.46787890706163 41.8431334498512 16.7820996693219 
0.0806000000000213 -6.46771798401602 41.8889660963161 16.7972663137701 
0.0807000000000213 -6.46755688752119 41.9347845886137 16.8124218326319 
0.0808000000000213 -6.46739561763051 41.9805889266639 16.8275662320342 
0.0809000000000213 -6.4672341743975 42.0263791103856 16.8426995180991 
0.0810000000000215 -6.46707255787594 42.0721551397037 16.8578216969476 
0.0811000000000215 -6.46691076811926 42.1179170145427 16.8729327746959 
0.0812000000000215 -6.46674880518122 42.1636647348334 16.88803275746 
0.0813000000000215 -6.46658666911562 42.2093983005057 16.9031216513504 
0.0814000000000215 -6.4664243599753 42.2551177114922 16.9181994624747 
0.0815000000000217 -6.46626187781474 42.300822967731 16.9332661969396 
0.0816000000000217 -6.46609922268703 42.3465140691594 16.9483218608468 
0.0817000000000216 -6.46593639464586 42.3921910157188 16.9633664602959 
0.0818000000000216 -6.46577339374502 42.4378538073542 16.9784000013842 
0.0819000000000216 -6.46561022003781 42.4835024440089 16.9934224902034 
0.0820000000000216 -6.46544687357789 42.5291369256343 17.0084339328456 
0.0821000000000218 -6.46528335441914 42.5747572521811 17.0234343353986 
0.0822000000000218 -6.46511966261487 42.6203634236015 17.0384237039453 
0.0823000000000218 -6.46495579821902 42.6659554398533 17.0534020445692 
0.0824000000000218 -6.46479176128489 42.7115333008952 17.0683693633486 
0.0825000000000218 -6.464627551866 42.7570970066875 17.0833256663587 
0.082600000000022 -6.46446317001619 42.802646557195 17.098270959673 
0.082700000000022 -6.46429861578904 42.8481819523834 17.1132052493611 
0.082800000000022 -6.46413388923803 42.8937031922214 17.1281285414896 
0.082900000000022 -6.46396899041698 42.93921027668 17.1430408421229 
0.0830000000000219 -6.46380391937925 42.9847032057341 17.1579421573222 
0.0831000000000222 -6.46363867617854 43.0301819793601 17.1728324931457 
0.0832000000000221 -6.46347326086839 43.0756465975347 17.1877118556473 
0.0833000000000221 -6.46330767350277 43.1210970602415 17.2025802508807 
0.0834000000000221 -6.46314191413475 43.1665333674627 17.217437684894 
0.0835000000000221 -6.46297598281813 43.2119555191858 17.2322841637344 
0.0836000000000221 -6.46280987960662 43.2573635153983 17.2471196934444 
0.0837000000000223 -6.46264360455381 43.3027573560926 17.2619442800649 
0.0838000000000223 -6.46247715771347 43.3481370412611 17.2767579296329 
0.0839000000000223 -6.46231053913874 43.3935025709011 17.2915606481832 
0.0840000000000223 -6.46214374888345 43.4388539450113 17.3063524417476 
0.0841000000000223 -6.46197678700138 43.484191163593 17.3211333163547 
0.0842000000000225 -6.46180965354587 43.5295142266493 17.3359032780299 
0.0843000000000225 -6.46164234857075 43.5748231341866 17.3506623327959 
0.0844000000000225 -6.46147487212943 43.6201178862141 17.365410486673 
0.0845000000000224 -6.46130722427568 43.6653984827426 17.3801477456779 
0.0846000000000224 -6.46113940506306 43.7106649237853 17.3948741158243 
0.0847000000000226 -6.460971414545 43.7559172093588 17.4095896031233 
0.0848000000000226 -6.46080325277523 43.8011553394807 17.4242942135826 
0.0849000000000226 -6.46063491980763 43.846379314174 17.4389879532086 
0.0850000000000226 -6.46046641569546 43.8915891334605 17.4536708280022 
0.0851000000000226 -6.46029774049229 43.9367847973668 17.4683428439633 
0.0852000000000228 -6.46012889425187 43.9819663059216 17.4830040070882 
0.0853000000000228 -6.45995987702782 44.0271336591556 17.4976543233705 
0.0854000000000228 -6.45979068887381 44.0722868571021 17.5122937988003 
0.0855000000000228 -6.45962132984308 44.1174258997969 17.5269224393653 
0.0856000000000228 -6.45945179998979 44.1625507872787 17.5415402510506 
0.0857000000000228 -6.45928209936713 44.207661519589 17.5561472398379 
0.085800000000023 -6.45911222802871 44.2527580967687 17.5707434117049 
0.085900000000023 -6.45894218602832 44.2978405188668 17.5853287726294 
0.0860000000000229 -6.4587719734195 44.3429087859282 17.5999033285825 
0.0861000000000229 -6.45860159025586 44.3879628980055 17.614467085535 
0.0862000000000229 -6.45843103659108 44.4330028551528 17.6290200494553 
0.0863000000000231 -6.45826031247855 44.478028657423 17.6435622263056 
0.0864000000000231 -6.45808941797203 44.5230403048757 17.658093622048 
0.0865000000000231 -6.45791835312506 44.5680377975714 17.6726142426414 
0.0866000000000231 -6.45774711799124 44.613021135573 17.6871240940411 
0.0867000000000231 -6.4575757126244 44.6579903189448 17.7016231821986 
0.0868000000000233 -6.45740413707771 44.7029453477567 17.7161115130654 
0.0869000000000233 -6.45723239140502 44.747886222077 17.7305890925868 
0.0870000000000233 -6.4570604756601 44.7928129419795 17.7450559267071 
0.0871000000000233 -6.4568883898961 44.8377255075387 17.7595120213672 
0.0872000000000233 -6.45671613416703 44.8826239188327 17.7739573825053 
0.0873000000000232 -6.45654370852624 44.9275081759423 17.7883920160568 
0.0874000000000235 -6.45637111302763 44.9723782789485 17.8028159279529 
0.0875000000000234 -6.45619834772442 45.0172342279375 17.8172291241244 
0.0876000000000234 -6.45602541267057 45.0620760229962 17.8316316104966 
0.0877000000000234 -6.45585230791934 45.1069036642136 17.8460233929926 
0.0878000000000234 -6.45567903352455 45.1517171516834 17.8604044775345 
0.0879000000000236 -6.4555055895397 45.1965164854995 17.874774870039 
0.0880000000000236 -6.45533197601832 45.2413016657593 17.8891345764214 
0.0881000000000236 -6.45515819301429 45.2860726925624 17.9034836025931 
0.0882000000000236 -6.45498424058103 45.3308295660103 17.9178219544633 
0.0883000000000236 -6.45481011877207 45.3755722862073 17.9321496379379 
0.0884000000000238 -6.45463582764123 45.420300853262 17.9464666589213 
0.0885000000000238 -6.45446136724172 45.4650152672814 17.9607730233122 
0.0886000000000238 -6.45428673762761 45.5097155283786 17.9750687370093 
0.0887000000000238 -6.45411193885215 45.5544016366679 17.9893538059069 
0.0888000000000237 -6.45393697096888 45.5990735922648 18.0036282358962 
0.088900000000024 -6.45376183403172 45.6437313952888 18.0178920328663 
0.0890000000000239 -6.45358652809393 45.688375045861 18.0321452027026 
0.0891000000000239 -6.45341105320955 45.7330045441063 18.0463877512892 
0.0892000000000239 -6.45323540943158 45.7776198901498 18.0606196845053 
0.0893000000000239 -6.45305959681424 45.8222210841209 18.0748410082288 
0.0894000000000239 -6.45288361541069 45.8668081261493 18.089051728333 
0.0895000000000241 -6.45270746527453 45.9113810163705 18.1032518506904 
0.0896000000000241 -6.45253114645954 45.9559397549185 18.1174413811689 
0.0897000000000241 -6.45235465901924 46.0004843419336 18.1316203256352 
0.0898000000000241 -6.45217800300708 46.045014777554 18.1457886899504 
0.0899000000000241 -6.45200117847697 46.0895310619251 18.1599464799764 
0.0900000000000243 -6.45182418548219 46.1340331951911 18.174093701569 
0.0901000000000243 -6.45164702407638 46.1785211775001 18.1882303605824 
0.0902000000000243 -6.45146969431351 46.2229950090033 18.2023564628686 
0.0903000000000242 -6.45129219624645 46.2674546898532 18.2164720142762 
0.0904000000000242 -6.4511145299295 46.3119002202039 18.2305770206498 
0.0905000000000244 -6.45093669541592 46.3563316002138 18.2446714878328 
0.0906000000000244 -6.45075869275913 46.4007488300424 18.2587554216644 
0.0907000000000244 -6.45058052201301 46.4451519098529 18.2728288279826 
0.0908000000000244 -6.45040218323085 46.4895408398084 18.28689171262 
0.0909000000000244 -6.45022367646672 46.5339156200777 18.3009440814094 
0.0910000000000244 -6.45004500177368 46.57827625083 18.3149859401786 
0.0911000000000246 -6.44986615920563 46.6226227322357 18.3290172947521 
0.0912000000000246 -6.44968714881597 46.6669550644716 18.3430381509542 
0.0913000000000246 -6.44950797065843 46.7112732477127 18.3570485146037 
0.0914000000000246 -6.44932862478648 46.7555772821385 18.3710483915174 
0.0915000000000246 -6.44914911125394 46.7998671679298 18.3850377875095 
0.0916000000000248 -6.44896943011384 46.8441429052723 18.3990167083918 
0.0917000000000248 -6.44878958142037 46.8884044943501 18.4129851599716 
0.0918000000000248 -6.44860956522685 46.932651935353 18.426943148055 
0.0919000000000247 -6.44842938158683 46.9768852284715 18.4408906784441 
0.0920000000000247 -6.44824903055384 47.0211043739004 18.4548277569401 
0.0921000000000249 -6.44806851218163 47.0653093718331 18.4687543893377 
0.0922000000000249 -6.44788782652347 47.1095002224695 18.4826705814325 
0.0923000000000249 -6.4477069736333 47.1536769260092 18.496576339015 
0.0924000000000249 -6.44752595356462 47.1978394826558 18.5104716678739 
0.0925000000000249 -6.44734476637078 47.2419878926139 18.5243565737945 
0.0926000000000251 -6.44716341210554 47.2861221560916 18.5382310625594 
0.0927000000000251 -6.44698189082239 47.3302422732986 18.5520951399486 
0.0928000000000251 -6.4468002025749 47.3743482444466 18.5659488117382 
0.0929000000000251 -6.44661834741655 47.4184400697521 18.5797920837037 
0.0930000000000251 -6.4464363254012 47.4625177494316 18.5936249616157 
0.0931000000000251 -6.44625413658236 47.5065812837039 18.6074474512425 
0.0932000000000253 -6.44607178101329 47.5506306727905 18.621259558349 
0.0933000000000253 -6.44588925874787 47.5946659169165 18.6350612886991 
0.0934000000000252 -6.44570656983948 47.6386870163093 18.6488526480527 
0.0935000000000252 -6.44552371434161 47.6826939711953 18.6626336421653 
0.0936000000000252 -6.4453406923081 47.7266867818077 18.6764042767926 
0.0937000000000254 -6.44515750379231 47.7706654483797 18.6901645576855 
0.0938000000000254 -6.44497414884803 47.814629971147 18.7039144905922 
0.0939000000000254 -6.44479062752848 47.858580350348 18.7176540812585 
0.0940000000000254 -6.44460693988749 47.9025165862239 18.7313833354277 
0.0941000000000254 -6.44442308597842 47.9464386790167 18.7451022588391 
0.0942000000000256 -6.4442390658551 47.9903466289729 18.7588108572305 
0.0943000000000256 -6.4440548795708 48.0342404363402 18.7725091363364 
0.0944000000000256 -6.44387052717929 48.0781201013678 18.7861971018873 
0.0945000000000256 -6.44368600873396 48.1219856243087 18.7998747596129 
0.0946000000000256 -6.44350132428859 48.1658370054179 18.8135421152387 
0.0947000000000255 -6.4433164738965 48.209674244952 18.8271991744875 
0.0948000000000258 -6.44313145761126 48.2534973431707 18.8408459430798 
0.0949000000000257 -6.4429462754865 48.2973063003362 18.854482426733 
0.0950000000000257 -6.44276092757577 48.341101116712 18.8681086311616 
0.0951000000000257 -6.44257541393244 48.3848817925648 18.8817245620771 
0.0952000000000257 -6.44238973461046 48.4286483281632 18.8953302251884 
0.0953000000000259 -6.44220388966322 48.4724007237786 18.9089256262016 
0.0954000000000259 -6.44201787914398 48.516138979685 18.9225107708207 
0.0955000000000259 -6.44183170310655 48.5598630961568 18.9360856647448 
0.0956000000000259 -6.44164536160429 48.6035730734738 18.9496503136728 
0.0957000000000259 -6.44145885469119 48.6472689119163 18.9632047232993 
0.0958000000000261 -6.44127218242015 48.690950611765 18.9767488993149 
0.0959000000000261 -6.44108534484525 48.7346181733078 18.9902828474106 
0.0960000000000261 -6.44089834201972 48.7782715968303 19.0038065732719 
0.0961000000000261 -6.44071117399739 48.8219108826232 19.0173200825825 
0.096200000000026 -6.44052384083138 48.8655360309786 19.0308233810232 
0.0963000000000263 -6.44033634257562 48.9091470421902 19.0443164742714 
0.0964000000000262 -6.44014867928331 48.9527439165555 19.0577993680029 
0.0965000000000262 -6.43996085100824 48.9963266543737 19.0712720678902 
0.0966000000000262 -6.43977285780378 49.0398952559446 19.0847345796014 
0.0967000000000262 -6.43958469972374 49.0834497215743 19.098186908805 
0.0968000000000262 -6.43939637682118 49.1269900515666 19.1116290611634 
0.0969000000000264 -6.43920788915022 49.1705162462318 19.1250610423388 
0.0970000000000264 -6.43901923676385 49.2140283058786 19.1384828579884 
0.0971000000000264 -6.43883041971591 49.2575262308214 19.1518945137685 
0.0972000000000264 -6.4386414380598 49.301010021376 19.1652960153323 
0.0973000000000264 -6.43845229184899 49.3444796778573 19.1786873683278 
0.0974000000000266 -6.4382629811373 49.3879352005882 19.1920685784041 
0.0975000000000266 -6.43807350597782 49.4313765898881 19.2054396512036 
0.0976000000000266 -6.43788386642431 49.4748038460839 19.2188005923692 
0.0977000000000265 -6.43769406253038 49.5182169695017 19.2321514075396 
0.0978000000000265 -6.43750409434961 49.5616159604698 19.2454921023497 
0.0979000000000267 -6.43731396193507 49.6050008193199 19.2588226824331 
0.0980000000000267 -6.43712366534086 49.6483715463858 19.2721431534199 
0.0981000000000267 -6.43693320462002 49.6917281420036 19.2854535209378 
0.0982000000000267 -6.43674257982625 49.7350706065125 19.2987537906123 
0.0983000000000267 -6.4365517910131 49.7783989402509 19.3120439680636 
0.0984000000000269 -6.43636083823392 49.8217131435634 19.3253240589122 
0.0985000000000269 -6.43616972154253 49.8650132167945 19.3385940687739 
0.0986000000000269 -6.43597844099224 49.9082991602922 19.3518540032626 
0.0987000000000269 -6.43578699663629 49.9515709744053 19.3651038679885 
0.0988000000000269 -6.43559538852878 49.9948286594867 19.3783436685601 
0.0989000000000269 -6.43540361672284 50.0380722158908 19.3915734105828 
0.0990000000000271 -6.43521168127199 50.0813016439728 19.4047930996581 
0.0991000000000271 -6.43501958222974 50.1245169440931 19.4180027413864 
0.099200000000027 -6.43482731964975 50.167718116613 19.4312023413648 
0.099300000000027 -6.43463489358524 50.2109051618948 19.4443919051869 
0.099400000000027 -6.43444230408998 50.2540780803041 19.4575714384435 
0.0995000000000272 -6.43424955121725 50.2972368722099 19.4707409467239 
0.0996000000000272 -6.4340566350208 50.3403815379826 19.483900435614 
0.0997000000000272 -6.43386355555389 50.383512077994 19.4970499106964 
0.0998000000000272 -6.43367031287014 50.426628492619 19.5101893775511 
0.0999000000000272 -6.43347690702306 50.4697307822348 19.5233188417556 
0.100000000000027 -6.43328333806585 50.5128189472211 19.5364383088849 
